394 570
400 639
409 708
422 776
451 839
494 890
545 935
605 973
675 982
746 968
805 922
852 868
888 807
905 738
907 666
906 596
903 525
434 528
454 487
496 468
544 464
592 474
681 470
727 450
775 443
822 456
851 493
637 517
638 563
640 608
641 656
592 682
619 692
650 700
681 687
709 674
495 542
518 525
547 521
576 537
548 545
519 547
704 526
727 505
758 502
785 514
761 525
730 527
553 774
589 762
623 753
656 756
687 748
729 750
777 755
737 795
698 810
664 814
631 812
594 802
571 775
625 766
658 767
689 762
762 759
693 782
661 788
628 785
