266 521
264 586
266 651
273 717
286 784
313 841
355 890
403 925
467 940
542 933
620 909
694 873
751 825
786 763
804 692
816 621
828 544
290 465
317 432
361 424
407 430
451 444
506 451
565 438
624 433
682 446
724 483
470 492
462 530
453 569
445 609
406 646
427 655
454 663
488 655
522 649
334 497
360 477
393 477
420 505
389 507
357 506
563 508
594 483
628 483
658 503
628 512
594 512
367 749
393 727
431 716
461 721
494 714
546 726
602 752
546 784
495 795
461 797
428 794
394 779
381 748
430 742
460 743
494 740
587 750
495 767
461 770
430 766
