156 327
160 377
165 426
175 476
191 524
219 567
253 606
293 635
342 642
391 633
431 603
467 564
497 521
513 475
522 426
527 377
529 329
197 310
218 281
251 269
287 271
322 281
375 279
409 268
445 267
479 281
498 309
348 312
348 344
349 376
349 410
300 427
323 432
347 438
371 431
395 426
239 322
258 312
278 311
299 322
278 324
258 325
398 322
419 310
440 311
459 321
440 324
419 323
252 484
282 470
318 467
346 471
373 466
408 468
437 480
409 515
376 535
347 539
318 536
282 520
260 486
318 479
346 482
374 478
429 482
374 512
346 517
318 513
