575 567
579 681
592 791
614 899
657 1002
721 1093
810 1158
910 1209
1026 1227
1133 1211
1215 1141
1284 1060
1328 965
1352 868
1366 765
1374 668
1370 573
670 465
717 396
799 371
882 384
960 415
1089 430
1155 400
1224 383
1293 405
1323 470
1030 503
1034 592
1041 678
1047 768
929 793
981 813
1035 834
1083 815
1123 797
745 518
789 484
841 486
886 523
840 531
787 533
1130 533
1175 497
1224 498
1260 531
1227 542
1179 540
861 935
926 920
986 914
1027 926
1068 918
1117 928
1162 946
1115 973
1070 995
1025 1001
983 994
923 968
878 938
985 946
1026 953
1069 948
1144 944
1068 948
1026 955
986 949
